27
0 0 96 96 0 0 96 96 
0 0 96 96 96 0 96 96 
0 0 96 96 192 0 96 96 
0 0 96 96 288 0 96 96 
0 0 96 96 384 0 96 96 
0 0 96 96 0 96 96 96 
0 0 96 96 96 96 96 96 
0 0 96 96 192 96 96 96 
0 0 96 96 288 96 96 96 
0 0 96 96 384 96 96 96 
0 0 96 96 0 192 96 96 
0 0 96 96 96 192 96 96 
0 0 96 96 192 192 96 96 
0 0 96 96 288 192 96 96 
0 0 96 96 384 192 96 96 
0 0 96 96 0 288 96 96 
0 0 96 96 96 288 96 96 
0 0 96 96 192 288 96 96 
0 0 96 96 288 288 96 96 
0 0 96 96 384 288 96 96 
0 0 96 96 0 384 96 96 
0 0 96 96 96 384 96 96 
0 0 96 96 192 384 96 96 
0 0 96 96 288 384 96 96 
0 0 96 96 384 384 96 96 
0 0 96 96 0 480 96 96 
0 0 96 96 96 480 96 96 