46
3.2 1 0 0
3.55 4 0 0
3.725 3 0 0
3.9 4 0 0
4.25 5 0 0
4.6 4 0 0
5.3 2 0 0
6.0 1 0 0
6.35 4 0 0
6.525 5 0 0
6.7 4 0 0
7.05 2 0 0
7.4 1 0 0
8.8 1 0 0
9.15 4 0 0
9.325 2 0 0
9.5 4 0 0
9.85 5 0 0
10.2 4 0 0 
10.9 3 0 0
11.6 1 0 0
11.6 3 0 0
11.95 4 0 0
12.3 1 0 0
12.3 3 0 0
12.65 2 0 0
13.0 2 0 0
13.0 3 0 0
13.35 3 0 0
13.35 4 0 0
13.7 4 0 0
13.7 5 0 0
14.4 1 0 0
14.4 5 0 0
14.75 4 0 0
14.925 3 0 0
15.1 3 0 0
15.1 4 0 0
15.45 4 0 0
15.45 5 0 0
15.8 3 0 0
15.8 5 0 0
16.15 1 0 0
16.5 3 0 0
16.5 4 0 0
16.85 2 0 0
