330
3.1 1 0 0
3.4 3 0 0
3.6 4 0 0
3.8 5 0 0
3.9 4 0 0
4.0 5 0 0
4.1 4 0 0
4.2 5 0 0
5.8 1 0 0
5.9 2 0 0
6.2 5 0 0
6.4 4 0 0
6.8 3 0 0
7.2 5 0 0
7.3 4 0 0
7.4 2 0 0
9.3 1 0 0
9.6 2 0 0
9.9 5 0 0
10.3 4 0 0
10.5 3 0 0
10.7 1 0 0
11.1 4 0 0
11.4 5 0 0
13.25 5 0 0
13.35 4 0 0
13.4 1 0 0
13.7 2 0 0
14.1 3 0 0
14.5 1 0 0
14.5 3 0 0
15.1 2 0 0
15.1 4 0 0
15.8 3 0 0
15.8 5 0 0
18.2 1 0 0
18.5 3 0 0
18.7 4 0 0
18.9 5 0 0
19.0 4 0 0
19.1 5 0 0
19.2 4 0 0
19.3 5 0 0
20.6 2 0 0
20.75 1 0 0
20.9 2 0 0
21.2 3 0 0
21.8 1 0 0
21.8 4 0 0
22.18 4 0 0
22.24 2 0 0
22.32 1 0 0
24.1 1 0 0
24.1 4 0 0
24.6 2 0 0
24.6 5 0 0
24.9 5  0 0
25.1 4 0 0
25.3 2 0 0
25.7 1 0 0
26.1 4 0 0
26.3 5 0 0
28.2 1 0 0
28.3 4 0 0
28.5 5 0 0
28.8 4 0 0
29.45 2 0 0
29.6 1 0 0
29.6 3 0 0
30.15 2 0 0
30.15 4 0 0
30.9 3 0 0
30.9 5 0 0
33.2 1 0 0
33.2 4 0 0
33.5 2 0 0
33.5 5 0 0
33.8 1 0 0
33.8 4 0 0
34.0 3 0 0
34.0 5 0 0
34.3 2 0 0
34.3 4 0 0
34.6 1 0 0
34.6 3 0 0
34.9 1 0 0
34.9 3 0 0
35.2 2 0 0
35.2 4 0 0
35.5 3 0 0
35.5 5 0 0
36.2 5 0 0
36.4 4 0 0
36.7 2 0 0
37.3 1 0 0
38.0 4 0 0
38.5 5 0 0
39.2 1 0 0
39.9 2 0 0
40.4 5 0 0
40.7 4 0 0
41.1 5 0 0
41.4 1 0 0
41.7 2 0 0
42.0 1 0 0
42.3 1 0 0
42.3 3 0 0
42.6 2 0 0
42.6 4 0 0
43.0 3 0 0
43.0 5 0 0
43.9 1 0 0
44.1 2 0 0
44.3 4 0 0
45.1 1 0 0
45.1 4 0 0
45.7 2 0 0
45.7 5 0 0
46.2 5 0 0
47.0 1 0 0
47.0 3 0 0
47.6 5 0 0
48.1 4 0 0
48.8 5 0 0
50.5 1 0 0 
50.5 3 0 0
50.9 2 0 0
50.9 4 0 0
51.3 3 0 0
51.3 5 0 0
51.7 2 0 0
51.7 4 0 0
51.7 5 0 0
51.9 1 0 0
52.1 2 0 0
52.5 3 0 0
52.5 5 0 0
52.8 1 0 0
53.0 2 0 0
53.4 3 0 0
53.4 5 0 0
53.7 2 0 0
53.9 1 0 0
54.4 3 0 0
54.4 5 0 0
54.6 2 0 0
54.8 1 0 0
55.3 3 0 0
55.3 5 0 0
55.6 3 0 0
55.8 5 0 0
56.2 4 0 0
56.2 5 0 0
56.5 3 0 0
56.7 5 0 0
57.2 4 0 0
57.2 5 0 0
59.4 1 0 0
59.4 3 0 0
59.7 3 0 0
59.7 5 0 0
60.0 1 0 0
60.0 5 0 0
62.0 2 0 0
62.15 1 0 0
62.3 5 0 0
62.5 4 0 0
62.8 2 0 0
63.1 1 0 0
63.1 4 0 0
63.8 2 0 0
63.8 4 0 0
64.5 3 0 0
64.5 5 0 0
64.9 5 0 0
65.3 4 0 0
65.7 2 0 0
65.7 4 0 0
66.1 4 0 0
66.45 2 0 0
66.8 1 0 0
66.8 2 0 0
66.9 1 0 0
66.9 3 0 0
67.1 1 0 0
67.1 3 0 0
67.5 4 0 0
67.5 5 0 0
67.8 1 0 0
67.8 3 0 0
68.0 1 0 0
68.0 3 0 0
68.4 4 0 0
68.4 5 0 0
68.7 2 0 0
68.7 4 0 0
68.9 2 0 0
68.9 4 0 0
69.4 4 0 0
69.4 5 0 0
69.6 2 0 0
69.6 4 0 0
69.9 2 0 0
69.9 4 0 0
70.3 4 0 0
70.3 5 0 0
70.6 2 0 0
70.6 4 0 0
70.8 2 0 0
70.8 4 0 0
71.3 4 0 0
71.3 5 0 0
71.5 1 0 0
71.5 3 0 0
71.8 1 0 0
71.8 3 0 0
72.2 1 0 0
72.2 5 0 0
72.7 2 0 0
72.7 4 0 0
73.1 4 0 0
73.1 5 0 0
73.4 2 0 0
73.4 4 0 0
73.7 1 0 0
73.7 4 0 0
74.1 3 0 0
74.1 4 0 0
74.4 1 0 0
74.4 4 0 0
74.8 1 0 0
74.8 3 0 0
75.1 1 0 0
75.1 4 0 0
76.9 1 0 0
76.9 5 0 0
77.1 1 0 0
77.3 2 0 0
77.5 3 0 0
77.5 5 0 0
77.9 5 0 0
78.2 4 0 0
78.5 1 0 0
78.5 2 0 0
78.9 4 0 0
79.4 3 0 0
79.9 1 0 0
79.9 2 0 0
80.6 4 0 0
80.6 5 0 0
81.3 2 0 0
81.3 4 0 0
81.8 5 0 0
82.2 3 0 0
82.5 3 0 0
82.5 5 0 0
82.8 4 0 0
83.1 2 0 0
83.4 2 0 0
83.4 4 0 0
83.7 1 0 0
84.0 2 0 0
84.3 3 0 0
84.3 5 0 0
85.1 1 0 0
85.35 2 0 0
85.6 4 0 0
85.6 5 0 0
86.3 2 0 0
86.9 4 0 0
86.9 5 0 0
87.5 3 0 0
87.5 5 0 0
88.1 5 0 0
88.8 3 0 0
89.3 3 0 0
89.6 2 0 0
90.0 3 0 0
90.0 5 0 0
90.3 5 0 0
90.6 4 0 0
90.9 1 0 0
90.9 3 0 0
91.2 1 0 0
91.5 2 0 0
91.8 3 0 0
91.8 5 0 0
92.6 1 0 0
92.8 2 0 0
93.0 2 0 0
93.0 4 0 0
93.8 1 0 0
93.8 2 0 0
94.4 2 0 0
94.4 4 0 0
95.0 2 0 0
95.0 5 0 0
95.7 4 0 0
96.3 2 0 0
96.3 5 0 0
96.8 3 0 0
96.8 4 0 0
97.5 3 0 0
97.5 5 0 0
99.2 1 0 0
99.2 4 0 0
99.6 2 0 0
99.6 4 0 0
100.0 3 0 0
100.0 4 0 0
100.4 1 0 0
100.4 5 0 0
100.8 2 0 0
101.3 3 0 0
101.3 5 0 0
101.5 3 0 0
101.8 3 0 0
102.2 3 0 0
102.2 5 0 0
102.4 4 0 0
102.6 4 0 0
103.1 1 0 0
103.1 2 0 0
103.4 4 0 0
103.8 4 0 0
104.1 1 0 0
104.1 2 0 0
104.4 1 0 0
104.4 3 0 0
104.4 5 0 0












